5.2842807159974
7.2748071562794
14.912141579339
15.543792117045
14.609572375519
13.191824021196
11.291653701034
6.1696091838044
5.4643338620536
4.2571818677251
4.0048400829575
6.8088493854216
9.3542485855843
7.3316557562584
5.1248239589727
5.3275853839218
9.7397715415843
12.601523704901
9.4689195385168
4.7263236395833
2.4112266248032
2.0911329643438
3.6818389006857
4.7009495121804
4.0326551321907
4.317445102954
4.4264960908424
3.6548103945154
4.0857198894307
3.0908503808329
1.9552725450647
2.9962906087276
4.4462370016647
7.3854754938148
6.4875330724216
2.9200283872311
2.0063122752768
2.8885824240137
4.3517835319551
3.7557799376072
2.4899797860412
2.4414540209355
3.7257005910736
3.3746211741952
2.3608316111039
2.4874147956127
2.6748201481843
3.3934585044331
2.7570212308887
3.1661444832729
2.502086863457
2.0204831390373
3.1245885386284
2.8638034056351
1.6635975559848
2.093273596327
3.4157453178487
5.257757754825
4.6421380701407
3.1248944223841
1.7742028878871
1.9131769893812
4.1064849267464
5.3585715248296
3.5530861419882
1.9467038459514
1.6415854841304
1.2209546965966
2.3506950663377
3.4436167673283
6.2369744162228
6.45054739761
4.3160072946899
2.9309909758729
2.4890403441294
3.9248098624504
2.9803749233468
4.0315784732386
4.4422926299989
2.9119094466105
2.2471563625147
2.6032927993481
2.6045580340389
2.7639076566953
2.5334850086453
3.3334540501271
3.1326151241381
3.5902757916227
1.9677689616466
1.3606840573995
1.8808895433783
2.4931991119797
1.4527217396886
1.2784838673995
2.4377421546814
2.1213046914408
2.0081719535495
3.4307484101162
5.4319703853699
2.9068772171724
1.8669305576308
1.8085193239155
2.1229471203232
2.7770190481433
1.9463885895244
1.7009590910377
1.5286707178857
1.7012551165974
2.4067110788098
4.6397124002862
2.8184301270042
1.6831742939981
1.5074546093622
1.8563863623594
3.9749574743224
2.2471123415158
2.0188165190733
2.6520372984049
2.4361861574552
2.3278568426019
3.2437996629602
1.4652674599189
1.1284015064538
1.3275567310033
1.3187059499859
1.5331965411555
2.5568671230196
3.5008700630623
2.6290394156193
2.4265598532221
2.5103550619342
2.0725298943127
1.2993733250006
2.6238324929757
1.6103371503809
1.2213954399478
1.7118931485411
3.3260672353806
1.8170026236275
1.4816922284419
3.3316665257371
1.9380818230595
1.4495974224029
1.2855006950535
1.6351380135488
3.4616979467439
2.2101932720887
2.0893944687766
2.911498935152
1.7412805772399
1.1738192025692
2.0713713072613
2.6543997290762
4.5630654122348
2.9900147877494
2.7429488891143
1.9068249231654
1.9459093683349
2.5274008063142
1.5370962324234
1.2114655089837
1.23062943203
1.1351518685498
0.99134652604023
1.5971662433757
3.0110169340548
1.9253833499936
1.7954381659578
2.7181099420016
1.3364798278666
1.2925393244042
2.0133448858793
1.1135117900635
1.2277250441384
1.2715640071796
1.9881721890623
1.3640484946959
1.5737071447885
3.1095331962389
4.3428825927151
1.9469199750104
1.8961046856075
3.1237576618851
3.3921190477231
3.3948606144375
3.2463994823928
1.7546353085915
1.8239129700449
1.0972246353988
1.3132303334817
1.747417343498
2.0161533968762
2.3295544850495
1.3340682217226
1.3564510920767
0.87634939545358
1.2180496820791
1.7800500181275
1.3037297094685
1.805951436661
